9 10 5
0 1
1 8
1 9
0 2
0 3
2 4
2 5
3 6
3 7

8 1
4 1
5 1
6 1
7 1

0 - 568925
1 - 568925
2 - 568925
3 - 568925
4 - 568925
5 - 568925
6 - 546374
7 - 546374
8 - 546374
9 - 546374
10 - 546374
11 - 546374
12 - 575316
13 - 575316
14 - 575316
15 - 575316
16 - 575316
17 - 575316
18 - 596292
19 - 596292
20 - 596292
21 - 596292
22 - 596292
23 - 596292
24 - 509636
25 - 509636
26 - 509636
27 - 509636
28 - 509636
29 - 509636


0 - 582869
1 - 582869
2 - 582869
3 - 582869
4 - 582869
5 - 582869

6 - 546374
7 - 546374
8 - 546374
9 - 546374
10 - 546374
11 - 546374

12 - 606235
13 - 606235
14 - 606235
15 - 606235
16 - 606235
17 - 606235

18 - 622482
19 - 622482
20 - 622482
21 - 622482
22 - 622482
23 - 622482

24 - 509636
25 - 509636
26 - 509636
27 - 509636
28 - 509636
29 - 509636